2 282 74
1 121 71
1 107 70
1 130 69
1 134 69
1 109 68
1 127 68
1 162 68
1 173 68
1 110 66
2 268 65
2 272 65
2 211 64
2 243 64
1 160 63
2 217 63
1 131 62
2 275 62
2 204 61
2 263 61
2 280 61
2 238 60
2 245 60
2 262 60
1 114 59
1 140 59
2 253 59
1 124 58
1 145 58
2 278 58
1 119 57
1 161 57
2 215 57
2 224 57
2 244 57
2 261 57
1 101 56
1 118 56
1 156 56
1 166 56
1 181 56
2 233 56
2 239 56
2 264 56
1 103 55
1 163 55
2 207 55
2 209 55
1 168 54
2 206 54
2 214 54
2 241 54
2 258 54
2 277 54
1 132 53
2 205 53
2 222 53
2 235 53
2 266 53
1 129 52
2 226 52
2 227 52
2 250 52
1 102 51
1 115 51
1 117 51
2 208 51
2 220 51
2 234 51
2 248 51
1 123 50
2 213 50
2 228 50
2 260 50
2 286 50
1 122 49
1 165 49
1 174 49
2 212 49
2 240 49
2 288 49
1 116 48
1 135 48
2 259 48
2 287 48
1 136 47
2 232 47
2 279 47
1 112 46
1 149 46
1 155 46
2 284 46
1 172 45
1 180 45
2 216 45
2 267 45
2 289 45
1 108 44
1 126 44
1 154 44
1 178 44
2 219 44
2 246 44
2 271 44
2 276 44
1 105 43
2 231 43
2 249 43
2 252 43
1 157 42
1 106 41
1 139 41
1 171 41
2 218 41
1 104 40
1 177 40
2 255 40
1 113 39
1 141 39
1 164 39
1 179 39
1 158 38
2 202 38
1 148 36
2 203 36
1 146 35
1 151 35
1 170 35
2 236 35
2 247 35
1 128 34
1 143 34
2 270 34
2 201 33
2 229 33
2 251 33
2 283 33
1 138 30
2 285 29
2 256 27
2 223 25
1 147 22
